alpha=0.900000 delta=2 K=10
ErrorUB
   3.715467964345697e-01
   1.501866313622769e-01
   7.240396611517436e-02
   3.542384645228108e-02
   1.735284606073326e-02
   8.641547292589204e-03
   4.344797342407539e-03
   2.193166400971937e-03
   1.110673915054622e-03
   5.639931306540561e-04
ErrorLB
   2.972431923157502e-01
   1.028169877585094e-01
   4.663699341840814e-02
   2.117550981831771e-02
   9.329628917131665e-03
   4.239638602642776e-03
   1.976791156338810e-03
   9.241241283455752e-04
   4.325060536628653e-04
   2.033478924853223e-04
