alpha=0.900000 delta=2 K=20
ErrorUB
   3.715467964345697e-01
   1.501866313622769e-01
   7.240396611517436e-02
   3.542384645228108e-02
   1.735284606073326e-02
   8.641547292589204e-03
   4.344797342407539e-03
   2.193166400971937e-03
   1.110673915054622e-03
   5.639931306540561e-04
   2.869355892156370e-04
   1.461828109579080e-04
   7.455422194893967e-05
   3.805435951859081e-05
   1.943611981809524e-05
   9.931761150836029e-06
   5.077011680878061e-06
   2.596088954103718e-06
   1.327800891323972e-06
   6.792458562880926e-07
ErrorLB
   2.972431923157502e-01
   1.028169877585094e-01
   4.663699341840814e-02
   2.117550981831771e-02
   9.329628917131665e-03
   4.239638602642776e-03
   1.976791156338810e-03
   9.241241283455752e-04
   4.325060536628653e-04
   2.033478924853223e-04
   9.592053605242805e-05
   4.531409825339202e-05
   2.143313781740302e-05
   1.014978359939106e-05
   4.810840936089805e-06
   2.281746077751437e-06
   1.082776208833095e-06
   5.140356643913153e-07
   2.441132227089306e-07
   1.159583027742052e-07
