alpha=0.950000 delta=4 K=25
ErrorUB
   3.179812291967387e-01
   1.109893031516299e-01
   4.418051531471581e-02
   1.792117057336281e-02
   7.306926627234923e-03
   2.992778415639791e-03
   1.229029690616314e-03
   5.055509141425349e-04
   2.081807595044801e-04
   8.578807321857931e-05
   3.536861370917031e-05
   1.458630513125572e-05
   6.016771508994020e-06
   2.482234511709628e-06
   1.024149283787304e-06
   4.225825656739878e-07
   1.743728210309590e-07
   7.195465320275478e-08
   2.969256807610293e-08
   1.225300602993486e-08
   5.056402679418623e-09
   2.086620580405187e-09
   8.610874607916605e-10
   3.553467786329674e-10
   1.466420163651204e-10
