alpha=0.990000 delta=5 K=25
ErrorUB
   2.487775952740280e-01
   7.127399777449007e-02
   2.224070410535696e-02
   7.117115331048397e-03
   2.293475105592580e-03
   7.404690053009176e-04
   2.391853895222417e-04
   7.727264777157241e-05
   2.496528702982569e-05
   8.065910384249094e-06
   2.605986076173877e-06
   8.419598160895320e-07
   2.720262511147849e-07
   8.788815028800216e-08
   2.839552157046197e-08
   9.174224893371159e-09
   2.964073139737461e-09
   9.576536103482584e-10
   3.094054683096980e-10
   9.996489628776992e-11
   3.229736224474643e-11
   1.043485910285317e-11
   3.371367719514031e-12
   1.089245210518655e-12
   3.519210087265056e-13
