alpha=0.900000 delta=3 K=25
ErrorUB
   4.096998361495595e-01
   1.813112934161612e-01
   9.213556148625503e-02
   4.763036397740754e-02
   2.476101527363193e-02
   1.301410637629860e-02
   6.885792861628486e-03
   3.657065809102039e-03
   1.947839689358251e-03
   1.039723410365082e-03
   5.558725469997582e-04
   2.975441536010705e-04
   1.594126243203636e-04
   8.546658397162908e-05
   4.584612579654214e-05
   2.460306067766621e-05
   1.320735775046565e-05
   7.091734746332529e-06
   3.808686292968753e-06
   2.045812598562461e-06
   1.099031676420538e-06
   5.904690982424998e-07
   3.172619711487225e-07
   1.704770299329975e-07
   9.160840048841332e-08
