alpha=0.990000 delta=2 K=25
ErrorUB
   1.240786566653107e-01
   1.658857772993742e-02
   2.610775106500570e-03
   4.275994767234840e-04
   7.079248762135742e-05
   1.176888877705655e-05
   1.959012387200006e-06
   3.262469344548457e-07
   5.434338179520729e-08
   9.052892538084309e-09
   1.508158381001185e-09
   2.512555030387025e-10
   4.185897404439913e-11
   6.973707054777587e-12
   1.161822698719628e-12
   1.935604047914480e-13
   3.224730572349035e-14
   5.372426348535573e-15
   8.950505540806593e-16
   1.491161528789875e-16
   2.484287361191007e-17
   4.138843227309353e-18
   6.895346998162151e-19
   1.148770509118952e-19
   1.913861166891752e-20
