alpha=0.990000 delta=3 K=25
ErrorUB
   1.677500081284208e-01
   3.107762703479460e-02
   6.453940519285242e-03
   1.388067265081652e-03
   3.017914804918691e-04
   6.582502016130413e-05
   1.437103525217784e-05
   3.138449065307090e-06
   6.854645923122376e-07
   1.497165964384249e-07
   3.270095119872152e-08
   7.142544637464696e-09
   1.560078325954710e-09
   3.407534034784804e-10
   7.442762385797116e-11
   1.625654205967964e-11
   3.550767357520331e-12
   7.755615646426707e-13
   1.693988053134461e-13
   3.700022888419356e-14
   8.081620991481162e-15
   1.765194429686229e-15
   3.855552468297531e-16
   8.421330018443097e-17
   1.839393961557777e-17
