alpha=0.990000 delta=4 K=25
ErrorUB
   2.092874323614350e-01
   4.947860884625576e-02
   1.287133907170554e-02
   3.449285704392299e-03
   9.325880071577115e-04
   2.527836704731601e-04
   6.856787564307320e-05
   1.860309422583382e-05
   5.047521363813036e-06
   1.369556835859389e-06
   3.716077866571586e-07
   1.008301669914462e-07
   2.735876461313933e-08
   7.423395326691911e-09
   2.014228491437975e-09
   5.465311185609120e-10
   1.482931398296905e-10
   4.023715151949161e-11
   1.091775632608607e-11
   2.962371807760840e-12
   8.037958045559736e-13
   2.180981110500638e-13
   5.917769883388726e-14
   1.605699390280679e-14
   4.356827965220595e-15
