alpha=0.950000 delta=3 K=25
ErrorUB
   2.785237320910005e-01
   8.454784318492629e-02
   3.048981921320803e-02
   1.120592901223128e-02
   4.135870847519615e-03
   1.539324176535852e-03
   5.754247746871365e-04
   2.156015053906353e-04
   8.091450420947024e-05
   3.040049376787262e-05
   1.143007514561076e-05
   4.299607230499861e-06
   1.617901261937642e-06
   6.089378771278555e-07
   2.292244302543061e-07
   8.629684181724186e-08
   3.249082665969058e-08
   1.223344352200233e-08
   4.606298341797551e-09
   1.734467392537461e-09
   6.531120950083134e-10
   2.459317380659573e-10
   9.260728040429300e-11
   3.487211470629053e-11
   1.313146778959054e-11
