alpha=0.900000 delta=2 K=25
ErrorUB
   3.715467964345697e-01
   1.501866313622769e-01
   7.240396611517436e-02
   3.542384645228108e-02
   1.735284606073326e-02
   8.641547292589204e-03
   4.344797342407539e-03
   2.193166400971937e-03
   1.110673915054622e-03
   5.639931306540561e-04
   2.869355892156370e-04
   1.461828109579080e-04
   7.455422194893967e-05
   3.805435951859081e-05
   1.943611981809524e-05
   9.931761150836029e-06
   5.077011680878061e-06
   2.596088954103718e-06
   1.327800891323972e-06
   6.792458562880926e-07
   3.475242074402041e-07
   1.778255274023045e-07
   9.100051766835408e-08
   4.657214288568210e-08
   2.383607518650307e-08
