alpha=0.950000 delta=5 K=25
ErrorUB
   3.554622748852647e-01
   1.399523744230804e-01
   6.125037793746053e-02
   2.725529134819173e-02
   1.218095069210950e-02
   5.458432218861449e-03
   2.450007905120529e-03
   1.100854582400958e-03
   4.949860189597994e-04
   2.226642844585111e-04
   1.001924393078152e-04
   4.509229049741321e-05
   2.029664029878279e-05
   9.136544333132073e-06
   4.113045975218272e-06
   1.851658727865687e-06
   8.336213521467313e-07
   3.753044512981336e-07
   1.689675392021899e-07
   7.607219969752461e-08
   3.424922662230619e-08
   1.541973724843293e-08
   6.942311958396950e-09
   3.125589321780752e-09
   1.407213955384561e-09
