alpha=0.950000 delta=2 K=25
ErrorUB
   2.370057565679993e-01
   6.117780736515029e-02
   2.012772290897907e-02
   6.690586236106796e-03
   2.216523382573504e-03
   7.474591528302581e-04
   2.539894576966816e-04
   8.648535595436285e-05
   2.951465997622916e-05
   1.008978667671109e-05
   3.452679806285514e-06
   1.182274265891200e-06
   4.050303226519803e-07
   1.388029035086808e-07
   4.757803905395988e-08
   1.631107470593893e-08
   5.592506418134808e-09
   1.917626739032625e-09
   6.575752799267587e-10
   2.254985734939862e-10
   7.733109596275263e-11
   2.651997617309909e-11
   9.094906659679842e-12
   3.119089051816929e-12
   1.069696243427896e-12
