alpha=0.900000 delta=4 K=25
ErrorUB
   4.458713723747196e-01
   2.144253374557540e-01
   1.152443467654563e-01
   6.295714220274340e-02
   3.461223507686256e-02
   1.917289800180446e-02
   1.067184770735219e-02
   5.958798857944673e-03
   3.334978726860033e-03
   1.869752660856929e-03
   1.049635299232588e-03
   5.898164585756780e-04
   3.316787746099007e-04
   1.866228753478301e-04
   1.050513152473629e-04
   5.915404948357775e-05
   3.331816544621545e-05
   1.877008447096525e-05
   1.057598034273789e-05
   5.959768580403625e-06
   3.358775200555050e-06
   1.893068114274522e-06
   1.067033981923112e-06
   6.014664879798231e-07
   3.390481968471551e-07
